, pattern_heading, 2018, 1, 18, 16, 2, 22.151902, 1, 2.000000, 0.000000, 0, 0.000000, 1.000000, 1, 2.000000, 5.073497
, pattern_heading, 2018, 1, 18, 16, 2, 29.765667, 2, 2.000000, 0.000000, 0, 0.000000, 17.000000, 0, 2.000000, 4.292703
, pattern_heading, 2018, 1, 18, 16, 2, 35.715615, 3, 2.000000, 0.000000, 0, 0.000000, -1.000000, 0, 2.000000, 4.343751
, pattern_heading, 2018, 1, 18, 16, 25, 45.675209, 1, 2.000000, 0.000000, 0, 0.000000, 2.000000, 1, 2.000000, 5.696153
, pattern_heading, 2018, 1, 19, 0, 23, 41.367889, 1, 2.000000, 0.000000, 0, 0.000000, 3.000000, 1, 2.000000, 4.592270
, pattern_heading, 2018, 1, 19, 1, 40, 26.540144, 1, 2.000000, 0.000000, 0, 0.000000, -2.000000, 1, 2.000000, 5.540620
, pattern_heading, 2018, 1, 19, 1, 41, 1.511874, 1, 2.000000, 0.000000, 0, 0.000000, 0.000000, 1, 2.000000, 5.545883
, pattern_heading, 2018, 1, 19, 1, 42, 21.431136, 1, 2.000000, 0.000000, 0, 0.000000, 1.000000, 0, 2.000000, 5.748445
, pattern_heading, 2018, 1, 19, 1, 46, 13.525572, 1, 2.000000, 0.000000, 0, 0.000000, 15.000000, 1, 2.000000, 8.134624
, pattern_heading, 2018, 1, 19, 1, 46, 26.720421, 2, 2.000000, 0.000000, 0, 0.000000, 13.000000, 1, 2.000000, 8.157921
, pattern_heading, 2018, 1, 19, 1, 46, 39.306033, 3, 2.000000, 0.000000, 0, 0.000000, 11.000000, 1, 2.000000, 8.107823
